PDE 2017 1 10 6 13 48.10 4.4800 122.6200 627.2 0.0 7.3 CELEBES SEA
event name:     201701100613A
time shift:      0.00
half duration:   0.00
latitude:        4.5700
longitude:     122.7800
depth:         621.5100
Mrr:      -7.270000e+25
Mtt:       1.430000e+26
Mpp:      -6.990000e+25
Mrt:       7.120001e+25
Mrp:      -9.660000e+26
Mtp:       2.700000e+26
